pinTemperature=1.3.6.1.4.1.54392.5.118
sysName=1.3.6.1.2.1.1.5.0
sysLocation=1.3.6.1.2.1.1.6.0
sysDescr=1.3.6.1.2.1.1.1.0
macAddr=1.3.6.1.2.1.2.2.1.6.2
interfNames=[1.3.6.1.2.1.25.3.2.1.3.262145, !network interface ]
vlansID=0
